      0.00  90      0.00    0.00    0.00  225.25  429.06  523.47  487.90  328.98   78.24    0.00    0.00    0.00
      0.00  80      0.00    0.00   50.32  222.52  422.55  515.51  480.49  323.98  117.25    5.37    0.00    0.00
      0.00  70      0.00   32.45  124.53  267.49  405.56  491.90  458.47  331.31  185.67   67.46    3.75    0.00
      0.00  60     37.64   99.54  195.71  319.79  423.18  477.10  455.33  368.40  249.93  138.20   56.88   25.63
      0.00  50    103.05  170.47  261.14  365.81  444.89  482.90  467.15  402.59  306.98  207.30  124.89   87.78
      0.00  40    174.15  239.09  318.74  402.20  459.28  484.41  473.40  427.95  354.88  271.22  195.28  158.30
      0.00  30    244.66  302.06  366.70  427.22  463.09  476.60  469.86  442.21  392.10  327.55  263.10  229.74
      0.00  20    310.84  356.95  403.56  439.84  455.08  457.84  455.06  444.32  417.47  374.35  325.18  297.96
      0.00  10    369.96  401.83  428.18  439.54  434.97  427.87  428.74  433.93  430.21  410.12  379.11  359.99
      0.00   0    419.87  435.24  439.82  426.28  403.14  387.20  391.39  411.20  429.93  433.72  423.01  413.53
      0.00 -10    458.97  456.12  438.11  400.43  360.47  336.97  344.02  376.80  416.63  444.43  455.48  456.85
      0.00 -20    486.16  463.88  423.12  362.80  308.33  278.81  288.19  331.81  390.71  441.92  475.59  488.74
      0.00 -30    500.96  458.38  395.30  314.60  248.56  214.86  225.91  277.72  352.98  426.32  482.99  508.65
      0.00 -40    503.64  440.05  355.51  257.41  183.49  147.93  159.79  216.49  304.59  398.20  477.96  516.86
      0.00 -50    495.72  409.97  304.96  193.26  116.21   81.90   93.39  150.58  247.05  358.63  461.79  515.10
      0.00 -60    481.56  370.30  245.24  124.71   51.60   23.77   32.80   83.49  182.17  309.27  437.74  508.72
      0.00 -70    481.68  326.23  178.28   55.83    2.37    0.00    0.00   22.17  112.15  253.09  417.01  524.18
      0.00 -80    504.81  307.89  106.65    0.69    0.00    0.00    0.00    0.00   40.20  199.91  433.10  549.35
      0.00 -90    512.60  312.64   57.20    0.00    0.00    0.00    0.00    0.00    0.00  197.54  439.79  557.82
