      0.00  90      0.00    0.00    0.00  269.32  459.54  526.38  456.38  266.14    0.00    0.00    0.00    0.00
      0.00  80      0.00    0.00   76.17  265.23  452.56  518.38  449.44  262.10   75.15    0.00    0.00    0.00
      0.00  70      0.00   42.41  150.04  294.09  431.82  494.63  428.86  290.62  148.01   41.92    0.00    0.00
      0.00  60     44.63  111.42  219.34  340.97  440.07  478.75  437.04  336.94  216.38  110.12   44.33   24.50
      0.00  50    111.39  182.32  281.97  382.59  457.09  483.92  453.95  378.08  278.17  180.21  110.65   86.34
      0.00  40    182.54  249.94  336.04  414.77  467.57  484.95  464.35  409.88  331.51  247.03  181.33  156.85
      0.00  30    252.34  311.23  379.90  435.58  467.78  476.72  464.57  430.43  374.77  307.61  250.65  228.46
      0.00  20    317.25  363.93  412.22  443.98  456.41  457.59  453.27  438.74  406.65  359.70  315.13  296.97
      0.00  10    374.65  406.24  432.01  439.54  433.18  427.28  430.20  434.36  426.18  401.52  372.15  359.37
      0.00   0    422.49  436.78  438.67  422.31  398.51  386.34  395.77  417.32  432.75  431.71  419.67  413.36
      0.00 -10    459.25  454.61  432.01  392.78  353.38  335.88  350.95  388.14  426.18  449.33  456.18  457.17
      0.00 -20    483.88  459.20  412.22  351.87  299.24  277.56  297.18  347.71  406.65  453.87  480.65  489.59
      0.00 -30    495.94  450.50  379.90  300.91  238.02  213.53  236.38  297.36  374.77  445.27  492.62  510.06
      0.00 -40    495.71  428.98  336.04  241.65  172.18  146.60  171.00  238.80  331.51  424.01  492.40  518.86
      0.00 -50    484.60  395.71  281.97  176.28  105.07   80.70  104.35  174.20  278.17  391.11  481.37  517.76
      0.00 -60    466.55  352.65  219.34  107.73   42.10   22.90   41.81  106.45  216.38  348.56  463.44  512.23
      0.00 -70    457.81  304.17  150.04   41.01    0.00    0.00    0.00   40.52  148.01  300.64  454.75  529.22
      0.00 -80    479.79  274.32   76.17    0.00    0.00    0.00    0.00    0.00   75.15  271.14  476.59  554.63
      0.00 -90    487.19  278.55    0.00    0.00    0.00    0.00    0.00    0.00    0.00  275.32  483.94  563.19
