   -127.00  90      0.00    0.00    0.00  244.31  496.38  606.80  513.70  257.70    0.00    0.00    0.00    0.00
   -127.00  80      0.00    0.00   49.10  240.64  488.84  597.58  505.90  253.78   53.37    0.00    0.00    0.00
   -127.00  70      0.00   31.27  121.81  284.59  466.61  570.21  482.72  293.95  126.95   28.73    0.00    0.00
   -127.00  60     35.33   94.04  191.59  338.07  478.65  547.83  489.86  346.65  197.21   91.20   33.85   18.90
   -127.00  50     94.44  160.16  255.74  385.20  498.66  550.97  507.85  393.16  261.63  157.63   92.81   72.95
   -127.00  40    158.38  224.02  312.22  422.30  511.25  550.08  518.74  429.59  318.17  222.09  156.91  135.55
   -127.00  30    221.61  282.54  359.26  447.54  512.48  539.01  518.34  454.03  365.08  281.37  220.49  199.57
   -127.00  20    280.84  333.47  395.42  459.83  500.92  515.82  505.17  465.39  400.92  333.18  280.17  261.13
   -127.00  10    333.60  375.03  419.60  458.65  476.26  480.21  478.92  463.18  424.59  375.69  333.49  317.51
   -127.00   0    378.03  405.87  431.05  443.97  438.96  432.78  440.07  447.37  435.39  407.50  378.51  366.59
   -127.00 -10    412.66  425.01  429.42  416.22  390.06  374.84  389.72  418.43  432.97  427.60  413.79  406.78
   -127.00 -20    436.55  431.89  414.77  376.27  331.15  308.29  329.47  377.26  417.42  435.43  438.34  436.95
   -127.00 -30    449.25  426.42  387.55  325.38  264.29  235.61  261.49  325.18  389.20  430.86  451.71  456.60
   -127.00 -40    451.02  408.99  348.59  265.26  192.19  160.04  188.54  263.95  349.18  414.26  454.17  465.98
   -127.00 -50    443.20  380.60  299.09  198.04  118.42   86.13  114.33  195.75  298.59  386.66  447.07  466.74
   -127.00 -60    429.60  343.25  240.59  126.49   48.77   22.32   44.98  123.48  238.99  350.11  434.34  464.09
   -127.00 -70    427.81  301.68  174.98   55.01    0.16    0.00    0.00   51.79  172.28  309.67  434.56  483.06
   -127.00 -80    448.35  283.40  104.82    0.04    0.00    0.00    0.00    0.00  100.87  294.43  455.43  506.25
   -127.00 -90    455.27  287.77   56.58    0.00    0.00    0.00    0.00    0.00   48.24  298.97  462.45  514.06
